`t,2,1,f4,4,6;
`y,2,1,f8,4,6;
`i,2,1,fc,4,6;

`w,3,1,100,c,6;
`r,3,1,10c,4,6;
`t,3,1,110,4,6;
`y,3,1,114,2,6;
`7,3,1,116,1,6;
`y,3,1,117,1,6;
`t,3,1,118,4,6;
`r,3,1,11c,4,6;

`w,3,1,120,4,6;
`w,3,1,125,1,6;
`r,3,1,126,2,6;
`w,3,1,128,4,6;
`q,3,1,12c,4,6;
`t,4,1,130,4,6;
`r,4,1,134,2,6;
`t,4,1,136,1,6;
`r,4,1,137,1,6;
`q,3,1,138,4,6;
`w,3,1,13c,4,6;

`t,3,1,140,4,6;
`w,3,1,146,2,6;
`t,3,1,148,4,6;
`7,3,1,14c,4,6;
`i,3,1,150,4,6;
`7,3,1,154,2,6;
`i,3,1,156,1,6;
`7,3,1,157,1,6;
`w,4,1,158,4,6;
`q,4,1,15c,4,6;

`7,3,1,160,c,6;
`i,3,1,16c,4,6;
`y,3,1,170,4,6;
`7,3,1,174,4,6;
`t,3,1,177,4,6;
`r,3,1,17c,4,6;

`y,3,1,180,c,6;
`r,3,1,18c,4,6;
`y,3,1,190,4,6;
`r,3,1,194,4,6;
`w,4,1,198,4,6;
`y,3,1,19c,4,6;

`r,4,1,1a0,4,6;
`w,4,1,1a4,4,6;
`7,3,1,1a8,4,6;
`t,3,1,1ac,4,6;
`q,4,1,1b0,4,6;
`w,4,1,1b4,2,6;
`q,4,1,1b6,2,6;
`t,3,1,1b8,4,6;
`r,3,1,1bc,4,6;

`w,3,1,1c0,4,6;
`r,3,1,1c6,2,6;
`t,3,1,1c8,4,6;
`7,3,1,1cc,4,6;
`i,3,1,1d0,4,6;
`7,3,1,1d4,2,6;
`i,3,1,1d6,2,6;
`o,3,1,1d8,4,6;
`i,3,1,1dc,4,6;

`7,3,1,1e0,4,6;
`r,3,1,1e4,2,6;
`7,3,1,1e6,1,6;
`u,3,1,1e7,1,6;
`i,3,1,1e8,4,6;
`7,3,1,1ec,2,6;
`i,3,1,1ee,1,6;
`7,3,1,1ef,1,6;
`o,3,1,1f0,4,6;
`i,3,1,1f4,2,6;
`o,3,1,1f6,1,6;
`i,3,1,1f7,1,6;
`y,3,1,1f8,4,6;
`r,3,1,1fc,4,6;

`x,2,2,0,4,5;
`w,2,2,4,4,5;
`x,2,2,8,4,5;
`w,2,2,c,4,5;
`x,2,2,10,4,5;
`w,2,2,14,4,5;
`x,2,2,18,4,5;
`w,2,2,1c,4,5;
`j,1,2,20,4,5;
`7,1,2,24,4,5;
`j,1,2,28,4,5;
`7,1,2,2c,4,5;
`z,2,2,30,4,5;
`q,2,2,34,4,5;
`z,2,2,38,4,5;
`q,2,2,3c,4,5;
`b,1,2,40,4,5;
`t,1,2,44,4,5;
`b,1,2,48,4,5;
`t,1,2,4c,4,5;
`b,1,2,50,4,5;
`t,1,2,54,4,5;
`b,1,2,58,4,5;
`t,1,2,5c,4,5;
`j,1,2,60,4,5;
`7,1,2,64,4,5;
`j,1,2,68,4,5;
`7,1,2,6c,4,5;
`v,1,2,70,4,5;
`r,1,2,74,4,5;
`v,1,2,78,4,5;
`r,1,2,7c,4,5;
`x,2,2,80,4,5;
`w,2,2,84,4,5;
`x,2,2,88,4,5;
`w,2,2,8c,4,5;
`x,2,2,90,4,5;
`w,2,2,94,4,5;
`x,2,2,98,4,5;
`w,2,2,9c,4,5;
`j,1,2,a0,4,5;
`7,1,2,a4,4,5;
`j,1,2,a8,4,5;
`7,1,2,ac,4,5;
`z,2,2,b0,4,5;
`q,2,2,b4,4,5;
`z,2,2,b8,4,5;
`q,2,2,bc,4,5;
`b,1,2,c0,4,5;
`t,1,2,c4,4,5;
`b,1,2,c8,4,5;
`t,1,2,cc,4,5;
`b,1,2,d0,4,5;
`t,1,2,d4,4,5;
`b,1,2,d8,4,5;
`t,1,2,dc,4,5;
`j,1,2,e0,4,5;
`7,1,2,e4,4,5;
`j,1,2,e8,4,5;
`7,1,2,ec,4,5;
`v,1,2,f0,4,5;
`r,1,2,f4,4,5;
`v,1,2,f8,4,5;
`r,1,2,fc,4,5;
`x,2,2,100,4,5;
`w,2,2,104,4,5;
`x,2,2,108,4,5;
`w,2,2,10c,4,5;
`x,2,2,110,4,5;
`w,2,2,114,4,5;
`x,2,2,118,4,5;
`w,2,2,11c,4,5;
`j,1,2,120,4,5;
`7,1,2,124,4,5;
`j,1,2,128,4,5;
`7,1,2,12c,4,5;
`z,2,2,130,4,5;
`q,2,2,134,4,5;
`z,2,2,138,4,5;
`q,2,2,13c,4,5;
`b,1,2,140,4,5;
`t,1,2,144,4,5;
`b,1,2,148,4,5;
`t,1,2,14c,4,5;
`b,1,2,150,4,5;
`t,1,2,154,4,5;
`b,1,2,158,4,5;
`t,1,2,15c,4,5;
`j,1,2,160,4,5;
`7,1,2,164,4,5;
`j,1,2,168,4,5;
`7,1,2,16c,4,5;
`v,1,2,170,4,5;
`r,1,2,174,4,5;
`v,1,2,178,4,5;
`r,1,2,17c,4,5;
`x,2,2,180,4,5;
`w,2,2,184,4,5;
`x,2,2,188,4,5;
`w,2,2,18c,4,5;
`x,2,2,190,4,5;
`w,2,2,194,4,5;
`x,2,2,198,4,5;
`w,2,2,19c,4,5;
`j,1,2,1a0,4,5;
`7,1,2,1a4,4,5;
`j,1,2,1a8,4,5;
`7,1,2,1ac,4,5;
`z,2,2,1b0,4,5;
`q,2,2,1b4,4,5;
`z,2,2,1b8,4,5;
`q,2,2,1bc,4,5;
`b,1,2,1c0,4,5;
`t,1,2,1c4,4,5;
`b,1,2,1c8,4,5;
`t,1,2,1cc,4,5;
`b,1,2,1d0,4,5;
`t,1,2,1d4,4,5;
`b,1,2,1d8,4,5;
`t,1,2,1dc,4,5;
`j,1,2,1e0,4,5;
`7,1,2,1e4,4,5;
`j,1,2,1e8,4,5;
`7,1,2,1ec,4,5;
`v,1,2,1f0,4,5;
`r,1,2,1f4,4,5;
`v,1,2,1f8,4,5;
`r,1,2,1fc,4,5;

`w,2,3,4,2,3;
`w,2,3,8,6,3;
`w,2,3,14,2,3;
`w,2,3,1c,2,3;
`j,2,3,24,2,3;
`j,2,3,2c,6,3;
`q,2,3,34,2,3;
`q,2,3,38,2,3;
`b,2,3,44,2,3;
`b,2,3,48,2,3;
`b,2,3,4c,2,3;
`b,2,3,54,2,3;
`b,2,3,5c,2,3;
`j,2,3,64,2,3;
`j,2,3,68,6,3;
`n,2,3,74,6,3;
`n,2,3,7c,2,3;
`w,2,3,84,2,3;
`w,2,3,88,6,3;
`w,2,3,94,2,3;
`w,2,3,9c,2,3;
`j,2,3,a4,2,3;
`j,2,3,ac,6,3;
`q,2,3,b4,2,3;
`q,2,3,b8,2,3;
`b,2,3,c4,2,3;
`b,2,3,c8,2,3;
`b,2,3,cc,2,3;
`b,2,3,d4,2,3;
`b,2,3,dc,2,3;
`j,2,3,e4,2,3;
`j,2,3,e8,6,3;
`n,2,3,f4,6,3;
`n,2,3,fc,2,3;
`w,2,3,104,2,3;
`w,2,3,108,6,3;
`w,2,3,114,2,3;
`w,2,3,11c,2,3;
`j,2,3,124,2,3;
`j,2,3,12c,6,3;
`q,2,3,134,2,3;
`q,2,3,138,2,3;
`b,2,3,144,2,3;
`b,2,3,148,2,3;
`b,2,3,14c,2,3;
`b,2,3,154,2,3;
`b,2,3,15c,2,3;
`j,2,3,164,2,3;
`j,2,3,168,6,3;
`n,2,3,174,6,3;
`n,2,3,17c,2,3;
`w,2,3,184,2,3;
`w,2,3,188,6,3;
`w,2,3,194,2,3;
`w,2,3,19c,2,3;
`j,2,3,1a4,2,3;
`j,2,3,1ac,6,3;
`q,2,3,1b4,2,3;
`q,2,3,1b8,2,3;
`b,2,3,1c4,2,3;
`b,2,3,1c8,2,3;
`b,2,3,1cc,2,3;
`b,2,3,1d4,2,3;
`b,2,3,1dc,2,3;
`j,2,3,1e4,2,3;
`j,2,3,1e8,6,3;
`n,2,3,1f4,6,3;
`n,2,3,1fc,2,3;

`r,2,4,4,2,3;
`r,2,4,8,6,3;
`r,2,4,14,2,3;
`r,2,4,1c,2,3;
`w,2,4,24,2,3;
`w,2,4,2c,6,3;
`e,2,4,34,2,3;
`e,2,4,38,2,3;
`j,2,4,44,2,3;
`j,2,4,48,2,3;
`j,2,4,4c,2,3;
`j,2,4,54,2,3;
`j,2,4,5c,2,3;
`w,2,4,64,2,3;
`w,2,4,68,6,3;
`r,2,4,74,6,3;
`r,2,4,7c,2,3;
`r,2,4,84,2,3;
`r,2,4,88,6,3;
`r,2,4,94,2,3;
`r,2,4,9c,2,3;
`w,2,4,a4,2,3;
`w,2,4,ac,6,3;
`e,2,4,b4,2,3;
`e,2,4,b8,2,3;
`j,2,4,c4,2,3;
`j,2,4,c8,2,3;
`j,2,4,cc,2,3;
`j,2,4,d4,2,3;
`j,2,4,dc,2,3;
`w,2,4,e4,2,3;
`w,2,4,e8,6,3;
`r,2,4,f4,6,3;
`r,2,4,fc,2,3;
`r,2,4,104,2,3;
`r,2,4,108,6,3;
`r,2,4,114,2,3;
`r,2,4,11c,2,3;
`w,2,4,124,2,3;
`w,2,4,12c,6,3;
`e,2,4,134,2,3;
`e,2,4,138,2,3;
`j,2,4,144,2,3;
`j,2,4,148,2,3;
`j,2,4,14c,2,3;
`j,2,4,154,2,3;
`j,2,4,15c,2,3;
`w,2,4,164,2,3;
`w,2,4,168,6,3;
`r,2,4,174,6,3;
`r,2,4,17c,2,3;
`r,2,4,184,2,3;
`r,2,4,188,6,3;
`r,2,4,194,2,3;
`r,2,4,19c,2,3;
`w,2,4,1a4,2,3;
`w,2,4,1ac,6,3;
`e,2,4,1b4,2,3;
`e,2,4,1b8,2,3;
`j,2,4,1c4,2,3;
`j,2,4,1c8,2,3;
`j,2,4,1cc,2,3;
`j,2,4,1d4,2,3;
`j,2,4,1dc,2,3;
`w,2,4,1e4,2,3;
`w,2,4,1e8,6,3;
`r,2,4,1f4,6,3;
`r,2,4,1fc,2,3;

`y,2,5,4,2,3;
`y,2,5,8,6,3;
`y,2,5,14,2,3;
`y,2,5,1c,2,3;
`r,2,5,24,2,3;
`r,2,5,2c,6,3;
`t,2,5,34,2,3;
`t,2,5,38,2,3;
`w,2,5,44,2,3;
`w,2,5,48,2,3;
`w,2,5,4c,2,3;
`w,2,5,54,2,3;
`w,2,5,5c,2,3;
`r,2,5,64,2,3;
`r,2,5,68,6,3;
`r,2,5,74,6,3;
`r,2,5,7c,2,3;
`y,2,5,84,2,3;
`y,2,5,88,6,3;
`y,2,5,94,2,3;
`y,2,5,9c,2,3;
`r,2,5,a4,2,3;
`r,2,5,ac,6,3;
`t,2,5,b4,2,3;
`t,2,5,b8,2,3;
`w,2,5,c4,2,3;
`w,2,5,c8,2,3;
`w,2,5,cc,2,3;
`w,2,5,d4,2,3;
`w,2,5,dc,2,3;
`r,2,5,e4,2,3;
`r,2,5,e8,6,3;
`r,2,5,f4,6,3;
`r,2,5,fc,2,3;
`y,2,5,104,2,3;
`y,2,5,108,6,3;
`y,2,5,114,2,3;
`y,2,5,11c,2,3;
`r,2,5,124,2,3;
`r,2,5,12c,6,3;
`t,2,5,134,2,3;
`t,2,5,138,2,3;
`w,2,5,144,2,3;
`w,2,5,148,2,3;
`w,2,5,14c,2,3;
`w,2,5,154,2,3;
`w,2,5,15c,2,3;
`r,2,5,164,2,3;
`r,2,5,168,6,3;
`r,2,5,174,6,3;
`r,2,5,17c,2,3;
`y,2,5,184,2,3;
`y,2,5,188,6,3;
`y,2,5,194,2,3;
`y,2,5,19c,2,3;
`r,2,5,1a4,2,3;
`r,2,5,1ac,6,3;
`t,2,5,1b4,2,3;
`t,2,5,1b8,2,3;
`w,2,5,1c4,2,3;
`w,2,5,1c8,2,3;
`w,2,5,1cc,2,3;
`w,2,5,1d4,2,3;
`w,2,5,1dc,2,3;
`r,2,5,1e4,2,3;
`r,2,5,1e8,6,3;
`r,2,5,1f4,6,3;
`r,2,5,1fc,2,3;